5 ms rise time pulse
Blackman Window width 131 ticks
Pulse width 200 ticks (one dit at 66 wpm)
--------------------------------------------

0.000
0.000
0.000
0.000
0.000
0.000
0.000
0.001
0.001
0.001
0.002
0.002
0.003
0.003
0.004
0.005
0.006
0.008
0.009
0.011
0.013
0.015
0.017
0.020
0.023
0.026
0.030
0.034
0.038
0.043
0.048
0.053
0.059
0.065
0.072
0.079
0.087
0.095
0.104
0.113
0.122
0.132
0.143
0.154
0.166
0.178
0.191
0.204
0.217
0.231
0.246
0.260
0.276
0.291
0.307
0.324
0.340
0.357
0.375
0.392
0.410
0.428
0.446
0.464
0.482
0.500
0.518
0.536
0.554
0.572
0.590
0.608
0.625
0.643
0.660
0.676
0.693
0.709
0.724
0.740
0.754
0.769
0.783
0.796
0.809
0.822
0.834
0.846
0.857
0.868
0.878
0.887
0.896
0.905
0.913
0.921
0.928
0.935
0.941
0.947
0.952
0.957
0.962
0.966
0.970
0.974
0.977
0.980
0.983
0.985
0.987
0.989
0.991
0.992
0.994
0.995
0.996
0.997
0.997
0.998
0.998
0.999
0.999
0.999
1.000
1.000
1.000
1.000
1.000
1.000
1.000
1.000
1.000
1.000
1.000
1.000
1.000
1.000
1.000
1.000
1.000
1.000
1.000
1.000
1.000
1.000
1.000
1.000
1.000
1.000
1.000
1.000
1.000
1.000
1.000
1.000
1.000
1.000
1.000
1.000
1.000
1.000
1.000
1.000
1.000
1.000
1.000
1.000
1.000
1.000
1.000
1.000
1.000
1.000
1.000
1.000
1.000
1.000
1.000
1.000
1.000
1.000
1.000
1.000
1.000
1.000
1.000
1.000
1.000
1.000
1.000
1.000
1.000
1.000
1.000
1.000
1.000
1.000
1.000
1.000
1.000
1.000
1.000
1.000
1.000
1.000
1.000
0.999
0.999
0.999
0.998
0.998
0.997
0.997
0.996
0.995
0.994
0.992
0.991
0.989
0.987
0.985
0.983
0.980
0.977
0.974
0.970
0.966
0.962
0.957
0.952
0.947
0.941
0.935
0.928
0.921
0.913
0.905
0.896
0.887
0.878
0.868
0.857
0.846
0.834
0.822
0.809
0.796
0.783
0.769
0.754
0.740
0.724
0.709
0.693
0.676
0.660
0.643
0.625
0.608
0.590
0.572
0.554
0.536
0.518
0.500
0.482
0.464
0.446
0.428
0.410
0.392
0.375
0.357
0.340
0.324
0.307
0.291
0.276
0.260
0.246
0.231
0.217
0.204
0.191
0.178
0.166
0.154
0.143
0.132
0.122
0.113
0.104
0.095
0.087
0.079
0.072
0.065
0.059
0.053
0.048
0.043
0.038
0.034
0.030
0.026
0.023
0.020
0.017
0.015
0.013
0.011
0.009
0.008
0.006
0.005
0.004
0.003
0.003
0.002
0.002
0.001
0.001
0.001
0.000
0.000
0.000
0.000
0.000
0.000
-0.000
0.000
0.000
0.000
0.000
0.000
0.000
0.000
0.000
0.000
0.000
0.000
0.000
0.000
0.000
0.000
0.000
0.000
0.000
0.000
0.000
0.000
0.000
0.000
0.000
0.000
0.000
0.000
0.000
0.000
0.000
0.000
0.000
0.000
0.000
0.000
0.000
0.000
0.000
0.000
0.000
0.000
0.000
0.000
0.000
0.000
0.000
0.000
0.000
0.000
0.000
0.000
0.000
0.000
0.000
0.000
0.000
0.000
0.000
0.000
0.000
0.000
0.000
0.000
0.000
0.000
0.000
0.000
0.000
0.000
